v_new

final_v
[[ 0.89029973 -0.14996864  4.61671648 -0.79436496 -0.57236891 -1.17871318
  -0.16607726 -0.6449934   0.48800321  0.02968195]
 [-0.12394332 -1.12831369 -1.49982596  0.4828638   0.74840797  1.04786229
   0.86035509 -0.91261085 -0.12125986  0.72056822]
 [ 3.26745924  0.33041827 -1.96077443 -0.43076011  0.52726244 -0.46495386
  -0.26116266 -0.18128486 -1.0541276   0.485598  ]
 [-1.50465601 -1.05491942 -2.04014619  0.54754875 -3.56283221 -1.12016924
   1.68668535 -0.41566121 -0.26825459 -0.02573745]]